intrinsic:
385.6458453108991 0.0 243.53752457919285 
0.0 385.07664380429475 238.33422509188014 
0.0 0.0 1.0 
distortion:
-0.06368714654317816 0.19709172770487024 -0.00615529362499429 -0.000502040877824129 -0.15887278263752513 
