intrinsic:
387.4673855019498 0.0 239.07718036223503 
0.0 385.2602280561389 252.92841315414256 
0.0 0.0 1.0 
distortion:
-0.03379030111115824 0.018555072564329714 0.0014800884227447453 -0.005157176573998971 0.15962703883450702 
