intrinsic:
728.3569006407484 0.0 296.21274564132824 
0.0 729.0540914717387 313.6223011290166 
0.0 0.0 1.0 
distortion:
-0.0859643587232362 0.14622466389838776 0.0009030401658853167 -0.0010309987398221228 -0.1385589862116678 
