intrinsic:
733.5832223607127 0.0 297.26099443852553 
0.0 734.5934640622968 292.081664524773 
0.0 0.0 1.0 
distortion:
-0.06715757099571065 -0.003452966608837906 -0.0030718141353532377 -0.002535153983222469 0.3527479331608084 
